ਪੰਜਾਬੀ ਵਿਕੀਪੀਡੀਆ ਸਿਖਰਲੇ ੧੦੦
ਹੋਰ ਭਾਸ਼ਾਵਾਂ
ਬਲਾਗ
ਪੰਜਾਬੀ ਵਿਕੀਪੀਡੀਆ ਸਿਖਰਲੇ ੧੦੦
ਪੰਜਾਬੀ ਵਿਕੀਪੀਡੀਆ ਦੇ ਸਭ ਤੋਂ ਜ਼ਿਆਦਾ ਵੇਖੇ ਜਾਣ ਵਾਲੇ ਲੇਖ, ਰੋਜ਼ਾਨਾ ਨਵਪੂਰਤ ਹੋਰ ਜਾਣੋ...
ਸਾਰਾ ਆਵਾਜਾਈ ਡਾਟਾ
ਅਗਸਤ 2023
ਸੋਮਵਾਰ
ਮੰਗਲਵਾਰ
ਬੁੱਧਵਾਰ
ਵੀਰਵਾਰ
ਸ਼ੁੱਕਰਵਾਰ
ਸ਼ਨਿੱਚਰਵਾਰ
ਐਤਵਾਰ
0
1
2
3
4
5
6
7
8
9
10
11
12
13
14
15
16
17
18
19
20
21
22
23
24
25
26
27
28
29
30
31
0
0
0
ਜੁਲਾਈ 2023
ਸੋਮਵਾਰ
ਮੰਗਲਵਾਰ
ਬੁੱਧਵਾਰ
ਵੀਰਵਾਰ
ਸ਼ੁੱਕਰਵਾਰ
ਸ਼ਨਿੱਚਰਵਾਰ
ਐਤਵਾਰ
0
0
0
0
0
1
2
3
4
5
6
7
8
9
10
11
12
13
14
15
16
17
18
19
20
21
22
23
24
25
26
27
28
29
30
31
0
0
0
0
0
0
ਜੂਨ 2023
ਸੋਮਵਾਰ
ਮੰਗਲਵਾਰ
ਬੁੱਧਵਾਰ
ਵੀਰਵਾਰ
ਸ਼ੁੱਕਰਵਾਰ
ਸ਼ਨਿੱਚਰਵਾਰ
ਐਤਵਾਰ
0
0
0
1
2
3
4
5
6
7
8
9
10
11
12
13
14
15
16
17
18
19
20
21
22
23
24
25
26
27
28
29
30
0
0
ਮਈ 2023
ਸੋਮਵਾਰ
ਮੰਗਲਵਾਰ
ਬੁੱਧਵਾਰ
ਵੀਰਵਾਰ
ਸ਼ੁੱਕਰਵਾਰ
ਸ਼ਨਿੱਚਰਵਾਰ
ਐਤਵਾਰ
1
2
3
4
5
6
7
8
9
10
11
12
13
14
15
16
17
18
19
20
21
22
23
24
25
26
27
28
29
30
31
0
0
0
0
ਅਪ੍ਰੈਲ 2023
ਸੋਮਵਾਰ
ਮੰਗਲਵਾਰ
ਬੁੱਧਵਾਰ
ਵੀਰਵਾਰ
ਸ਼ੁੱਕਰਵਾਰ
ਸ਼ਨਿੱਚਰਵਾਰ
ਐਤਵਾਰ
0
0
0
0
0
1
2
3
4
5
6
7
8
9
10
11
12
13
14
15
16
17
18
19
20
21
22
23
24
25
26
27
28
29
30
ਮਾਰਚ 2023
ਸੋਮਵਾਰ
ਮੰਗਲਵਾਰ
ਬੁੱਧਵਾਰ
ਵੀਰਵਾਰ
ਸ਼ੁੱਕਰਵਾਰ
ਸ਼ਨਿੱਚਰਵਾਰ
ਐਤਵਾਰ
0
0
1
2
3
4
5
6
7
8
9
10
11
12
13
14
15
16
17
18
19
20
21
22
23
24
25
26
27
28
29
30
31
0
0
ਫ਼ਰਵਰੀ 2023
ਸੋਮਵਾਰ
ਮੰਗਲਵਾਰ
ਬੁੱਧਵਾਰ
ਵੀਰਵਾਰ
ਸ਼ੁੱਕਰਵਾਰ
ਸ਼ਨਿੱਚਰਵਾਰ
ਐਤਵਾਰ
0
0
1
2
3
4
5
6
7
8
9
10
11
12
13
14
15
16
17
18
19
20
21
22
23
24
25
26
27
28
0
0
0
0
0
ਜਨਵਰੀ 2023
ਸੋਮਵਾਰ
ਮੰਗਲਵਾਰ
ਬੁੱਧਵਾਰ
ਵੀਰਵਾਰ
ਸ਼ੁੱਕਰਵਾਰ
ਸ਼ਨਿੱਚਰਵਾਰ
ਐਤਵਾਰ
0
0
0
0
0
0
1
2
3
4
5
6
7
8
9
10
11
12
13
14
15
16
17
18
19
20
21
22
23
24
25
26
27
28
29
30
31
0
0
0
0
0
ਦਸੰਬਰ 2022
ਸੋਮਵਾਰ
ਮੰਗਲਵਾਰ
ਬੁੱਧਵਾਰ
ਵੀਰਵਾਰ
ਸ਼ੁੱਕਰਵਾਰ
ਸ਼ਨਿੱਚਰਵਾਰ
ਐਤਵਾਰ
0
0
0
1
2
3
4
5
6
7
8
9
10
11
12
13
14
15
16
17
18
19
20
21
22
23
24
25
26
27
28
29
30
31
0
ਨਵੰਬਰ 2022
ਸੋਮਵਾਰ
ਮੰਗਲਵਾਰ
ਬੁੱਧਵਾਰ
ਵੀਰਵਾਰ
ਸ਼ੁੱਕਰਵਾਰ
ਸ਼ਨਿੱਚਰਵਾਰ
ਐਤਵਾਰ
0
1
2
3
4
5
6
7
8
9
10
11
12
13
14
15
16
17
18
19
20
21
22
23
24
25
26
27
28
29
30
0
0
0
0
ਅਕਤੂਬਰ 2022
ਸੋਮਵਾਰ
ਮੰਗਲਵਾਰ
ਬੁੱਧਵਾਰ
ਵੀਰਵਾਰ
ਸ਼ੁੱਕਰਵਾਰ
ਸ਼ਨਿੱਚਰਵਾਰ
ਐਤਵਾਰ
0
0
0
0
0
1
2
3
4
5
6
7
8
9
10
11
12
13
14
15
16
17
18
19
20
21
22
23
24
25
26
27
28
29
30
31
0
0
0
0
0
0
ਸਤੰਬਰ 2022
ਸੋਮਵਾਰ
ਮੰਗਲਵਾਰ
ਬੁੱਧਵਾਰ
ਵੀਰਵਾਰ
ਸ਼ੁੱਕਰਵਾਰ
ਸ਼ਨਿੱਚਰਵਾਰ
ਐਤਵਾਰ
0
0
0
1
2
3
4
5
6
7
8
9
10
11
12
13
14
15
16
17
18
19
20
21
22
23
24
25
26
27
28
29
30
0
0
ਅਗਸਤ 2022
ਸੋਮਵਾਰ
ਮੰਗਲਵਾਰ
ਬੁੱਧਵਾਰ
ਵੀਰਵਾਰ
ਸ਼ੁੱਕਰਵਾਰ
ਸ਼ਨਿੱਚਰਵਾਰ
ਐਤਵਾਰ
1
2
3
4
5
6
7
8
9
10
11
12
13
14
15
16
17
18
19
20
21
22
23
24
25
26
27
28
29
30
31
0
0
0
0
ਜੁਲਾਈ 2022
ਸੋਮਵਾਰ
ਮੰਗਲਵਾਰ
ਬੁੱਧਵਾਰ
ਵੀਰਵਾਰ
ਸ਼ੁੱਕਰਵਾਰ
ਸ਼ਨਿੱਚਰਵਾਰ
ਐਤਵਾਰ
0
0
0
0
1
2
3
4
5
6
7
8
9
10
11
12
13
14
15
16
17
18
19
20
21
22
23
24
25
26
27
28
29
30
31
ਜੂਨ 2022
ਸੋਮਵਾਰ
ਮੰਗਲਵਾਰ
ਬੁੱਧਵਾਰ
ਵੀਰਵਾਰ
ਸ਼ੁੱਕਰਵਾਰ
ਸ਼ਨਿੱਚਰਵਾਰ
ਐਤਵਾਰ
0
0
1
2
3
4
5
6
7
8
9
10
11
12
13
14
15
16
17
18
19
20
21
22
23
24
25
26
27
28
29
30
0
0
0
ਮਈ 2022
ਸੋਮਵਾਰ
ਮੰਗਲਵਾਰ
ਬੁੱਧਵਾਰ
ਵੀਰਵਾਰ
ਸ਼ੁੱਕਰਵਾਰ
ਸ਼ਨਿੱਚਰਵਾਰ
ਐਤਵਾਰ
0
0
0
0
0
0
1
2
3
4
5
6
7
8
9
10
11
12
13
14
15
16
17
18
19
20
21
22
23
24
25
26
27
28
29
30
31
0
0
0
0
0
ਅਪ੍ਰੈਲ 2022
ਸੋਮਵਾਰ
ਮੰਗਲਵਾਰ
ਬੁੱਧਵਾਰ
ਵੀਰਵਾਰ
ਸ਼ੁੱਕਰਵਾਰ
ਸ਼ਨਿੱਚਰਵਾਰ
ਐਤਵਾਰ
0
0
0
0
1
2
3
4
5
6
7
8
9
10
11
12
13
14
15
16
17
18
19
20
21
22
23
24
25
26
27
28
29
30
0
ਮਾਰਚ 2022
ਸੋਮਵਾਰ
ਮੰਗਲਵਾਰ
ਬੁੱਧਵਾਰ
ਵੀਰਵਾਰ
ਸ਼ੁੱਕਰਵਾਰ
ਸ਼ਨਿੱਚਰਵਾਰ
ਐਤਵਾਰ
0
1
2
3
4
5
6
7
8
9
10
11
12
13
14
15
16
17
18
19
20
21
22
23
24
25
26
27
28
29
30
31
0
0
0
ਫ਼ਰਵਰੀ 2022
ਸੋਮਵਾਰ
ਮੰਗਲਵਾਰ
ਬੁੱਧਵਾਰ
ਵੀਰਵਾਰ
ਸ਼ੁੱਕਰਵਾਰ
ਸ਼ਨਿੱਚਰਵਾਰ
ਐਤਵਾਰ
0
1
2
3
4
5
6
7
8
9
10
11
12
13
14
15
16
17
18
19
20
21
22
23
24
25
26
27
28
0
0
0
0
0
0
ਜਨਵਰੀ 2022
ਸੋਮਵਾਰ
ਮੰਗਲਵਾਰ
ਬੁੱਧਵਾਰ
ਵੀਰਵਾਰ
ਸ਼ੁੱਕਰਵਾਰ
ਸ਼ਨਿੱਚਰਵਾਰ
ਐਤਵਾਰ
0
0
0
0
0
1
2
3
4
5
6
7
8
9
10
11
12
13
14
15
16
17
18
19
20
21
22
23
24
25
26
27
28
29
30
31
0
0
0
0
0
0
ਦਸੰਬਰ 2021
ਸੋਮਵਾਰ
ਮੰਗਲਵਾਰ
ਬੁੱਧਵਾਰ
ਵੀਰਵਾਰ
ਸ਼ੁੱਕਰਵਾਰ
ਸ਼ਨਿੱਚਰਵਾਰ
ਐਤਵਾਰ
0
0
1
2
3
4
5
6
7
8
9
10
11
12
13
14
15
16
17
18
19
20
21
22
23
24
25
26
27
28
29
30
31
0
0
ਨਵੰਬਰ 2021
ਸੋਮਵਾਰ
ਮੰਗਲਵਾਰ
ਬੁੱਧਵਾਰ
ਵੀਰਵਾਰ
ਸ਼ੁੱਕਰਵਾਰ
ਸ਼ਨਿੱਚਰਵਾਰ
ਐਤਵਾਰ
1
2
3
4
5
6
7
8
9
10
11
12
13
14
15
16
17
18
19
20
21
22
23
24
25
26
27
28
29
30
0
0
0
0
0
ਅਕਤੂਬਰ 2021
ਸੋਮਵਾਰ
ਮੰਗਲਵਾਰ
ਬੁੱਧਵਾਰ
ਵੀਰਵਾਰ
ਸ਼ੁੱਕਰਵਾਰ
ਸ਼ਨਿੱਚਰਵਾਰ
ਐਤਵਾਰ
0
0
0
0
1
2
3
4
5
6
7
8
9
10
11
12
13
14
15
16
17
18
19
20
21
22
23
24
25
26
27
28
29
30
31
ਸਤੰਬਰ 2021
ਸੋਮਵਾਰ
ਮੰਗਲਵਾਰ
ਬੁੱਧਵਾਰ
ਵੀਰਵਾਰ
ਸ਼ੁੱਕਰਵਾਰ
ਸ਼ਨਿੱਚਰਵਾਰ
ਐਤਵਾਰ
0
0
1
2
3
4
5
6
7
8
9
10
11
12
13
14
15
16
17
18
19
20
21
22
23
24
25
26
27
28
29
30
0
0
0
ਅਗਸਤ 2021
ਸੋਮਵਾਰ
ਮੰਗਲਵਾਰ
ਬੁੱਧਵਾਰ
ਵੀਰਵਾਰ
ਸ਼ੁੱਕਰਵਾਰ
ਸ਼ਨਿੱਚਰਵਾਰ
ਐਤਵਾਰ
0
0
0
0
0
0
1
2
3
4
5
6
7
8
9
10
11
12
13
14
15
16
17
18
19
20
21
22
23
24
25
26
27
28
29
30
31
0
0
0
0
0
ਜੁਲਾਈ 2021
ਸੋਮਵਾਰ
ਮੰਗਲਵਾਰ
ਬੁੱਧਵਾਰ
ਵੀਰਵਾਰ
ਸ਼ੁੱਕਰਵਾਰ
ਸ਼ਨਿੱਚਰਵਾਰ
ਐਤਵਾਰ
0
0
0
1
2
3
4
5
6
7
8
9
10
11
12
13
14
15
16
17
18
19
20
21
22
23
24
25
26
27
28
29
30
31
0
ਜੂਨ 2021
ਸੋਮਵਾਰ
ਮੰਗਲਵਾਰ
ਬੁੱਧਵਾਰ
ਵੀਰਵਾਰ
ਸ਼ੁੱਕਰਵਾਰ
ਸ਼ਨਿੱਚਰਵਾਰ
ਐਤਵਾਰ
0
1
2
3
4
5
6
7
8
9
10
11
12
13
14
15
16
17
18
19
20
21
22
23
24
25
26
27
28
29
30
0
0
0
0
ਮਈ 2021
ਸੋਮਵਾਰ
ਮੰਗਲਵਾਰ
ਬੁੱਧਵਾਰ
ਵੀਰਵਾਰ
ਸ਼ੁੱਕਰਵਾਰ
ਸ਼ਨਿੱਚਰਵਾਰ
ਐਤਵਾਰ
0
0
0
0
0
1
2
3
4
5
6
7
8
9
10
11
12
13
14
15
16
17
18
19
20
21
22
23
24
25
26
27
28
29
30
31
0
0
0
0
0
0
ਅਪ੍ਰੈਲ 2021
ਸੋਮਵਾਰ
ਮੰਗਲਵਾਰ
ਬੁੱਧਵਾਰ
ਵੀਰਵਾਰ
ਸ਼ੁੱਕਰਵਾਰ
ਸ਼ਨਿੱਚਰਵਾਰ
ਐਤਵਾਰ
0
0
0
1
2
3
4
5
6
7
8
9
10
11
12
13
14
15
16
17
18
19
20
21
22
23
24
25
26
27
28
29
30
0
0
ਮਾਰਚ 2021
ਸੋਮਵਾਰ
ਮੰਗਲਵਾਰ
ਬੁੱਧਵਾਰ
ਵੀਰਵਾਰ
ਸ਼ੁੱਕਰਵਾਰ
ਸ਼ਨਿੱਚਰਵਾਰ
ਐਤਵਾਰ
1
2
3
4
5
6
7
8
9
10
11
12
13
14
15
16
17
18
19
20
21
22
23
24
25
26
27
28
29
30
31
0
0
0
0
ਫ਼ਰਵਰੀ 2021
ਸੋਮਵਾਰ
ਮੰਗਲਵਾਰ
ਬੁੱਧਵਾਰ
ਵੀਰਵਾਰ
ਸ਼ੁੱਕਰਵਾਰ
ਸ਼ਨਿੱਚਰਵਾਰ
ਐਤਵਾਰ
1
2
3
4
5
6
7
8
9
10
11
12
13
14
15
16
17
18
19
20
21
22
23
24
25
26
27
28
ਜਨਵਰੀ 2021
ਸੋਮਵਾਰ
ਮੰਗਲਵਾਰ
ਬੁੱਧਵਾਰ
ਵੀਰਵਾਰ
ਸ਼ੁੱਕਰਵਾਰ
ਸ਼ਨਿੱਚਰਵਾਰ
ਐਤਵਾਰ
0
0
0
0
1
2
3
4
5
6
7
8
9
10
11
12
13
14
15
16
17
18
19
20
21
22
23
24
25
26
27
28
29
30
31
ਦਸੰਬਰ 2020
ਸੋਮਵਾਰ
ਮੰਗਲਵਾਰ
ਬੁੱਧਵਾਰ
ਵੀਰਵਾਰ
ਸ਼ੁੱਕਰਵਾਰ
ਸ਼ਨਿੱਚਰਵਾਰ
ਐਤਵਾਰ
0
1
2
3
4
5
6
7
8
9
10
11
12
13
14
15
16
17
18
19
20
21
22
23
24
25
26
27
28
29
30
31
0
0
0
ਨਵੰਬਰ 2020
ਸੋਮਵਾਰ
ਮੰਗਲਵਾਰ
ਬੁੱਧਵਾਰ
ਵੀਰਵਾਰ
ਸ਼ੁੱਕਰਵਾਰ
ਸ਼ਨਿੱਚਰਵਾਰ
ਐਤਵਾਰ
0
0
0
0
0
0
1
2
3
4
5
6
7
8
9
10
11
12
13
14
15
16
17
18
19
20
21
22
23
24
25
26
27
28
29
30
0
0
0
0
0
0
ਅਕਤੂਬਰ 2020
ਸੋਮਵਾਰ
ਮੰਗਲਵਾਰ
ਬੁੱਧਵਾਰ
ਵੀਰਵਾਰ
ਸ਼ੁੱਕਰਵਾਰ
ਸ਼ਨਿੱਚਰਵਾਰ
ਐਤਵਾਰ
0
0
0
1
2
3
4
5
6
7
8
9
10
11
12
13
14
15
16
17
18
19
20
21
22
23
24
25
26
27
28
29
30
31
0
ਸਤੰਬਰ 2020
ਸੋਮਵਾਰ
ਮੰਗਲਵਾਰ
ਬੁੱਧਵਾਰ
ਵੀਰਵਾਰ
ਸ਼ੁੱਕਰਵਾਰ
ਸ਼ਨਿੱਚਰਵਾਰ
ਐਤਵਾਰ
0
1
2
3
4
5
6
7
8
9
10
11
12
13
14
15
16
17
18
19
20
21
22
23
24
25
26
27
28
29
30
0
0
0
0
ਅਗਸਤ 2020
ਸੋਮਵਾਰ
ਮੰਗਲਵਾਰ
ਬੁੱਧਵਾਰ
ਵੀਰਵਾਰ
ਸ਼ੁੱਕਰਵਾਰ
ਸ਼ਨਿੱਚਰਵਾਰ
ਐਤਵਾਰ
0
0
0
0
0
1
2
3
4
5
6
7
8
9
10
11
12
13
14
15
16
17
18
19
20
21
22
23
24
25
26
27
28
29
30
31
0
0
0
0
0
0
ਜੁਲਾਈ 2020
ਸੋਮਵਾਰ
ਮੰਗਲਵਾਰ
ਬੁੱਧਵਾਰ
ਵੀਰਵਾਰ
ਸ਼ੁੱਕਰਵਾਰ
ਸ਼ਨਿੱਚਰਵਾਰ
ਐਤਵਾਰ
0
0
1
2
3
4
5
6
7
8
9
10
11
12
13
14
15
16
17
18
19
20
21
22
23
24
25
26
27
28
29
30
31
0
0
ਜੂਨ 2020
ਸੋਮਵਾਰ
ਮੰਗਲਵਾਰ
ਬੁੱਧਵਾਰ
ਵੀਰਵਾਰ
ਸ਼ੁੱਕਰਵਾਰ
ਸ਼ਨਿੱਚਰਵਾਰ
ਐਤਵਾਰ
1
2
3
4
5
6
7
8
9
10
11
12
13
14
15
16
17
18
19
20
21
22
23
24
25
26
27
28
29
30
0
0
0
0
0
ਮਈ 2020
ਸੋਮਵਾਰ
ਮੰਗਲਵਾਰ
ਬੁੱਧਵਾਰ
ਵੀਰਵਾਰ
ਸ਼ੁੱਕਰਵਾਰ
ਸ਼ਨਿੱਚਰਵਾਰ
ਐਤਵਾਰ
0
0
0
0
1
2
3
4
5
6
7
8
9
10
11
12
13
14
15
16
17
18
19
20
21
22
23
24
25
26
27
28
29
30
31
ਅਪ੍ਰੈਲ 2020
ਸੋਮਵਾਰ
ਮੰਗਲਵਾਰ
ਬੁੱਧਵਾਰ
ਵੀਰਵਾਰ
ਸ਼ੁੱਕਰਵਾਰ
ਸ਼ਨਿੱਚਰਵਾਰ
ਐਤਵਾਰ
0
0
1
2
3
4
5
6
7
8
9
10
11
12
13
14
15
16
17
18
19
20
21
22
23
24
25
26
27
28
29
30
0
0
0
ਮਾਰਚ 2020
ਸੋਮਵਾਰ
ਮੰਗਲਵਾਰ
ਬੁੱਧਵਾਰ
ਵੀਰਵਾਰ
ਸ਼ੁੱਕਰਵਾਰ
ਸ਼ਨਿੱਚਰਵਾਰ
ਐਤਵਾਰ
0
0
0
0
0
0
1
2
3
4
5
6
7
8
9
10
11
12
13
14
15
16
17
18
19
20
21
22
23
24
25
26
27
28
29
30
31
0
0
0
0
0
ਫ਼ਰਵਰੀ 2020
ਸੋਮਵਾਰ
ਮੰਗਲਵਾਰ
ਬੁੱਧਵਾਰ
ਵੀਰਵਾਰ
ਸ਼ੁੱਕਰਵਾਰ
ਸ਼ਨਿੱਚਰਵਾਰ
ਐਤਵਾਰ
0
0
0
0
0
1
2
3
4
5
6
7
8
9
10
11
12
13
14
15
16
17
18
19
20
21
22
23
24
25
26
27
28
29
0
ਜਨਵਰੀ 2020
ਸੋਮਵਾਰ
ਮੰਗਲਵਾਰ
ਬੁੱਧਵਾਰ
ਵੀਰਵਾਰ
ਸ਼ੁੱਕਰਵਾਰ
ਸ਼ਨਿੱਚਰਵਾਰ
ਐਤਵਾਰ
0
0
1
2
3
4
5
6
7
8
9
10
11
12
13
14
15
16
17
18
19
20
21
22
23
24
25
26
27
28
29
30
31
0
0
ਦਸੰਬਰ 2019
ਸੋਮਵਾਰ
ਮੰਗਲਵਾਰ
ਬੁੱਧਵਾਰ
ਵੀਰਵਾਰ
ਸ਼ੁੱਕਰਵਾਰ
ਸ਼ਨਿੱਚਰਵਾਰ
ਐਤਵਾਰ
0
0
0
0
0
0
1
2
3
4
5
6
7
8
9
10
11
12
13
14
15
16
17
18
19
20
21
22
23
24
25
26
27
28
29
30
31
0
0
0
0
0
ਨਵੰਬਰ 2019
ਸੋਮਵਾਰ
ਮੰਗਲਵਾਰ
ਬੁੱਧਵਾਰ
ਵੀਰਵਾਰ
ਸ਼ੁੱਕਰਵਾਰ
ਸ਼ਨਿੱਚਰਵਾਰ
ਐਤਵਾਰ
0
0
0
0
1
2
3
4
5
6
7
8
9
10
11
12
13
14
15
16
17
18
19
20
21
22
23
24
25
26
27
28
29
30
0
ਅਕਤੂਬਰ 2019
ਸੋਮਵਾਰ
ਮੰਗਲਵਾਰ
ਬੁੱਧਵਾਰ
ਵੀਰਵਾਰ
ਸ਼ੁੱਕਰਵਾਰ
ਸ਼ਨਿੱਚਰਵਾਰ
ਐਤਵਾਰ
0
1
2
3
4
5
6
7
8
9
10
11
12
13
14
15
16
17
18
19
20
21
22
23
24
25
26
27
28
29
30
31
0
0
0
ਸਤੰਬਰ 2019
ਸੋਮਵਾਰ
ਮੰਗਲਵਾਰ
ਬੁੱਧਵਾਰ
ਵੀਰਵਾਰ
ਸ਼ੁੱਕਰਵਾਰ
ਸ਼ਨਿੱਚਰਵਾਰ
ਐਤਵਾਰ
0
0
0
0
0
0
1
2
3
4
5
6
7
8
9
10
11
12
13
14
15
16
17
18
19
20
21
22
23
24
25
26
27
28
29
30
0
0
0
0
0
0
ਅਗਸਤ 2019
ਸੋਮਵਾਰ
ਮੰਗਲਵਾਰ
ਬੁੱਧਵਾਰ
ਵੀਰਵਾਰ
ਸ਼ੁੱਕਰਵਾਰ
ਸ਼ਨਿੱਚਰਵਾਰ
ਐਤਵਾਰ
0
0
0
1
2
3
4
5
6
7
8
9
10
11
12
13
14
15
16
17
18
19
20
21
22
23
24
25
26
27
28
29
30
31
0
ਜੁਲਾਈ 2019
ਸੋਮਵਾਰ
ਮੰਗਲਵਾਰ
ਬੁੱਧਵਾਰ
ਵੀਰਵਾਰ
ਸ਼ੁੱਕਰਵਾਰ
ਸ਼ਨਿੱਚਰਵਾਰ
ਐਤਵਾਰ
1
2
3
4
5
6
7
8
9
10
11
12
13
14
15
16
17
18
19
20
21
22
23
24
25
26
27
28
29
30
31
0
0
0
0
ਜੂਨ 2019
ਸੋਮਵਾਰ
ਮੰਗਲਵਾਰ
ਬੁੱਧਵਾਰ
ਵੀਰਵਾਰ
ਸ਼ੁੱਕਰਵਾਰ
ਸ਼ਨਿੱਚਰਵਾਰ
ਐਤਵਾਰ
0
0
0
0
0
1
2
3
4
5
6
7
8
9
10
11
12
13
14
15
16
17
18
19
20
21
22
23
24
25
26
27
28
29
30
ਮਈ 2019
ਸੋਮਵਾਰ
ਮੰਗਲਵਾਰ
ਬੁੱਧਵਾਰ
ਵੀਰਵਾਰ
ਸ਼ੁੱਕਰਵਾਰ
ਸ਼ਨਿੱਚਰਵਾਰ
ਐਤਵਾਰ
0
0
1
2
3
4
5
6
7
8
9
10
11
12
13
14
15
16
17
18
19
20
21
22
23
24
25
26
27
28
29
30
31
0
0
ਅਪ੍ਰੈਲ 2019
ਸੋਮਵਾਰ
ਮੰਗਲਵਾਰ
ਬੁੱਧਵਾਰ
ਵੀਰਵਾਰ
ਸ਼ੁੱਕਰਵਾਰ
ਸ਼ਨਿੱਚਰਵਾਰ
ਐਤਵਾਰ
1
2
3
4
5
6
7
8
9
10
11
12
13
14
15
16
17
18
19
20
21
22
23
24
25
26
27
28
29
30
0
0
0
0
0
ਮਾਰਚ 2019
ਸੋਮਵਾਰ
ਮੰਗਲਵਾਰ
ਬੁੱਧਵਾਰ
ਵੀਰਵਾਰ
ਸ਼ੁੱਕਰਵਾਰ
ਸ਼ਨਿੱਚਰਵਾਰ
ਐਤਵਾਰ
0
0
0
0
1
2
3
4
5
6
7
8
9
10
11
12
13
14
15
16
17
18
19
20
21
22
23
24
25
26
27
28
29
30
31
ਫ਼ਰਵਰੀ 2019
ਸੋਮਵਾਰ
ਮੰਗਲਵਾਰ
ਬੁੱਧਵਾਰ
ਵੀਰਵਾਰ
ਸ਼ੁੱਕਰਵਾਰ
ਸ਼ਨਿੱਚਰਵਾਰ
ਐਤਵਾਰ
0
0
0
0
1
2
3
4
5
6
7
8
9
10
11
12
13
14
15
16
17
18
19
20
21
22
23
24
25
26
27
28
0
0
0
ਜਨਵਰੀ 2019
ਸੋਮਵਾਰ
ਮੰਗਲਵਾਰ
ਬੁੱਧਵਾਰ
ਵੀਰਵਾਰ
ਸ਼ੁੱਕਰਵਾਰ
ਸ਼ਨਿੱਚਰਵਾਰ
ਐਤਵਾਰ
0
1
2
3
4
5
6
7
8
9
10
11
12
13
14
15
16
17
18
19
20
21
22
23
24
25
26
27
28
29
30
31
0
0
0
ਦਸੰਬਰ 2018
ਸੋਮਵਾਰ
ਮੰਗਲਵਾਰ
ਬੁੱਧਵਾਰ
ਵੀਰਵਾਰ
ਸ਼ੁੱਕਰਵਾਰ
ਸ਼ਨਿੱਚਰਵਾਰ
ਐਤਵਾਰ
0
0
0
0
0
1
2
3
4
5
6
7
8
9
10
11
12
13
14
15
16
17
18
19
20
21
22
23
24
25
26
27
28
29
30
31
0
0
0
0
0
0
ਨਵੰਬਰ 2018
ਸੋਮਵਾਰ
ਮੰਗਲਵਾਰ
ਬੁੱਧਵਾਰ
ਵੀਰਵਾਰ
ਸ਼ੁੱਕਰਵਾਰ
ਸ਼ਨਿੱਚਰਵਾਰ
ਐਤਵਾਰ
0
0
0
1
2
3
4
5
6
7
8
9
10
11
12
13
14
15
16
17
18
19
20
21
22
23
24
25
26
27
28
29
30
0
0
ਅਕਤੂਬਰ 2018
ਸੋਮਵਾਰ
ਮੰਗਲਵਾਰ
ਬੁੱਧਵਾਰ
ਵੀਰਵਾਰ
ਸ਼ੁੱਕਰਵਾਰ
ਸ਼ਨਿੱਚਰਵਾਰ
ਐਤਵਾਰ
1
2
3
4
5
6
7
8
9
10
11
12
13
14
15
16
17
18
19
20
21
22
23
24
25
26
27
28
29
30
31
0
0
0
0
ਸਤੰਬਰ 2018
ਸੋਮਵਾਰ
ਮੰਗਲਵਾਰ
ਬੁੱਧਵਾਰ
ਵੀਰਵਾਰ
ਸ਼ੁੱਕਰਵਾਰ
ਸ਼ਨਿੱਚਰਵਾਰ
ਐਤਵਾਰ
0
0
0
0
0
1
2
3
4
5
6
7
8
9
10
11
12
13
14
15
16
17
18
19
20
21
22
23
24
25
26
27
28
29
30
ਅਗਸਤ 2018
ਸੋਮਵਾਰ
ਮੰਗਲਵਾਰ
ਬੁੱਧਵਾਰ
ਵੀਰਵਾਰ
ਸ਼ੁੱਕਰਵਾਰ
ਸ਼ਨਿੱਚਰਵਾਰ
ਐਤਵਾਰ
0
0
1
2
3
4
5
6
7
8
9
10
11
12
13
14
15
16
17
18
19
20
21
22
23
24
25
26
27
28
29
30
31
0
0
ਜੁਲਾਈ 2018
ਸੋਮਵਾਰ
ਮੰਗਲਵਾਰ
ਬੁੱਧਵਾਰ
ਵੀਰਵਾਰ
ਸ਼ੁੱਕਰਵਾਰ
ਸ਼ਨਿੱਚਰਵਾਰ
ਐਤਵਾਰ
0
0
0
0
0
0
1
2
3
4
5
6
7
8
9
10
11
12
13
14
15
16
17
18
19
20
21
22
23
24
25
26
27
28
29
30
31
0
0
0
0
0
ਜੂਨ 2018
ਸੋਮਵਾਰ
ਮੰਗਲਵਾਰ
ਬੁੱਧਵਾਰ
ਵੀਰਵਾਰ
ਸ਼ੁੱਕਰਵਾਰ
ਸ਼ਨਿੱਚਰਵਾਰ
ਐਤਵਾਰ
0
0
0
0
1
2
3
4
5
6
7
8
9
10
11
12
13
14
15
16
17
18
19
20
21
22
23
24
25
26
27
28
29
30
0
ਮਈ 2018
ਸੋਮਵਾਰ
ਮੰਗਲਵਾਰ
ਬੁੱਧਵਾਰ
ਵੀਰਵਾਰ
ਸ਼ੁੱਕਰਵਾਰ
ਸ਼ਨਿੱਚਰਵਾਰ
ਐਤਵਾਰ
0
1
2
3
4
5
6
7
8
9
10
11
12
13
14
15
16
17
18
19
20
21
22
23
24
25
26
27
28
29
30
31
0
0
0
ਅਪ੍ਰੈਲ 2018
ਸੋਮਵਾਰ
ਮੰਗਲਵਾਰ
ਬੁੱਧਵਾਰ
ਵੀਰਵਾਰ
ਸ਼ੁੱਕਰਵਾਰ
ਸ਼ਨਿੱਚਰਵਾਰ
ਐਤਵਾਰ
0
0
0
0
0
0
1
2
3
4
5
6
7
8
9
10
11
12
13
14
15
16
17
18
19
20
21
22
23
24
25
26
27
28
29
30
0
0
0
0
0
0
ਮਾਰਚ 2018
ਸੋਮਵਾਰ
ਮੰਗਲਵਾਰ
ਬੁੱਧਵਾਰ
ਵੀਰਵਾਰ
ਸ਼ੁੱਕਰਵਾਰ
ਸ਼ਨਿੱਚਰਵਾਰ
ਐਤਵਾਰ
0
0
0
1
2
3
4
5
6
7
8
9
10
11
12
13
14
15
16
17
18
19
20
21
22
23
24
25
26
27
28
29
30
31
0
ਫ਼ਰਵਰੀ 2018
ਸੋਮਵਾਰ
ਮੰਗਲਵਾਰ
ਬੁੱਧਵਾਰ
ਵੀਰਵਾਰ
ਸ਼ੁੱਕਰਵਾਰ
ਸ਼ਨਿੱਚਰਵਾਰ
ਐਤਵਾਰ
0
0
0
1
2
3
4
5
6
7
8
9
10
11
12
13
14
15
16
17
18
19
20
21
22
23
24
25
26
27
28
0
0
0
0
ਜਨਵਰੀ 2018
ਸੋਮਵਾਰ
ਮੰਗਲਵਾਰ
ਬੁੱਧਵਾਰ
ਵੀਰਵਾਰ
ਸ਼ੁੱਕਰਵਾਰ
ਸ਼ਨਿੱਚਰਵਾਰ
ਐਤਵਾਰ
1
2
3
4
5
6
7
8
9
10
11
12
13
14
15
16
17
18
19
20
21
22
23
24
25
26
27
28
29
30
31
0
0
0
0
ਦਸੰਬਰ 2017
ਸੋਮਵਾਰ
ਮੰਗਲਵਾਰ
ਬੁੱਧਵਾਰ
ਵੀਰਵਾਰ
ਸ਼ੁੱਕਰਵਾਰ
ਸ਼ਨਿੱਚਰਵਾਰ
ਐਤਵਾਰ
0
0
0
0
1
2
3
4
5
6
7
8
9
10
11
12
13
14
15
16
17
18
19
20
21
22
23
24
25
26
27
28
29
30
31
ਨਵੰਬਰ 2017
ਸੋਮਵਾਰ
ਮੰਗਲਵਾਰ
ਬੁੱਧਵਾਰ
ਵੀਰਵਾਰ
ਸ਼ੁੱਕਰਵਾਰ
ਸ਼ਨਿੱਚਰਵਾਰ
ਐਤਵਾਰ
0
0
1
2
3
4
5
6
7
8
9
10
11
12
13
14
15
16
17
18
19
20
21
22
23
24
25
26
27
28
29
30
0
0
0
ਅਕਤੂਬਰ 2017
ਸੋਮਵਾਰ
ਮੰਗਲਵਾਰ
ਬੁੱਧਵਾਰ
ਵੀਰਵਾਰ
ਸ਼ੁੱਕਰਵਾਰ
ਸ਼ਨਿੱਚਰਵਾਰ
ਐਤਵਾਰ
0
0
0
0
0
0
1
2
3
4
5
6
7
8
9
10
11
12
13
14
15
16
17
18
19
20
21
22
23
24
25
26
27
28
29
30
31
0
0
0
0
0
ਸਤੰਬਰ 2017
ਸੋਮਵਾਰ
ਮੰਗਲਵਾਰ
ਬੁੱਧਵਾਰ
ਵੀਰਵਾਰ
ਸ਼ੁੱਕਰਵਾਰ
ਸ਼ਨਿੱਚਰਵਾਰ
ਐਤਵਾਰ
0
0
0
0
1
2
3
4
5
6
7
8
9
10
11
12
13
14
15
16
17
18
19
20
21
22
23
24
25
26
27
28
29
30
0
ਅਗਸਤ 2017
ਸੋਮਵਾਰ
ਮੰਗਲਵਾਰ
ਬੁੱਧਵਾਰ
ਵੀਰਵਾਰ
ਸ਼ੁੱਕਰਵਾਰ
ਸ਼ਨਿੱਚਰਵਾਰ
ਐਤਵਾਰ
0
1
2
3
4
5
6
7
8
9
10
11
12
13
14
15
16
17
18
19
20
21
22
23
24
25
26
27
28
29
30
31
0
0
0
ਜੁਲਾਈ 2017
ਸੋਮਵਾਰ
ਮੰਗਲਵਾਰ
ਬੁੱਧਵਾਰ
ਵੀਰਵਾਰ
ਸ਼ੁੱਕਰਵਾਰ
ਸ਼ਨਿੱਚਰਵਾਰ
ਐਤਵਾਰ
0
0
0
0
0
1
2
3
4
5
6
7
8
9
10
11
12
13
14
15
16
17
18
19
20
21
22
23
24
25
26
27
28
29
30
31
0
0
0
0
0
0
ਜੂਨ 2017
ਸੋਮਵਾਰ
ਮੰਗਲਵਾਰ
ਬੁੱਧਵਾਰ
ਵੀਰਵਾਰ
ਸ਼ੁੱਕਰਵਾਰ
ਸ਼ਨਿੱਚਰਵਾਰ
ਐਤਵਾਰ
0
0
0
1
2
3
4
5
6
7
8
9
10
11
12
13
14
15
16
17
18
19
20
21
22
23
24
25
26
27
28
29
30
0
0
ਮਈ 2017
ਸੋਮਵਾਰ
ਮੰਗਲਵਾਰ
ਬੁੱਧਵਾਰ
ਵੀਰਵਾਰ
ਸ਼ੁੱਕਰਵਾਰ
ਸ਼ਨਿੱਚਰਵਾਰ
ਐਤਵਾਰ
1
2
3
4
5
6
7
8
9
10
11
12
13
14
15
16
17
18
19
20
21
22
23
24
25
26
27
28
29
30
31
0
0
0
0
ਅਪ੍ਰੈਲ 2017
ਸੋਮਵਾਰ
ਮੰਗਲਵਾਰ
ਬੁੱਧਵਾਰ
ਵੀਰਵਾਰ
ਸ਼ੁੱਕਰਵਾਰ
ਸ਼ਨਿੱਚਰਵਾਰ
ਐਤਵਾਰ
0
0
0
0
0
1
2
3
4
5
6
7
8
9
10
11
12
13
14
15
16
17
18
19
20
21
22
23
24
25
26
27
28
29
30
ਮਾਰਚ 2017
ਸੋਮਵਾਰ
ਮੰਗਲਵਾਰ
ਬੁੱਧਵਾਰ
ਵੀਰਵਾਰ
ਸ਼ੁੱਕਰਵਾਰ
ਸ਼ਨਿੱਚਰਵਾਰ
ਐਤਵਾਰ
0
0
1
2
3
4
5
6
7
8
9
10
11
12
13
14
15
16
17
18
19
20
21
22
23
24
25
26
27
28
29
30
31
0
0
ਫ਼ਰਵਰੀ 2017
ਸੋਮਵਾਰ
ਮੰਗਲਵਾਰ
ਬੁੱਧਵਾਰ
ਵੀਰਵਾਰ
ਸ਼ੁੱਕਰਵਾਰ
ਸ਼ਨਿੱਚਰਵਾਰ
ਐਤਵਾਰ
0
0
1
2
3
4
5
6
7
8
9
10
11
12
13
14
15
16
17
18
19
20
21
22
23
24
25
26
27
28
0
0
0
0
0
ਜਨਵਰੀ 2017
ਸੋਮਵਾਰ
ਮੰਗਲਵਾਰ
ਬੁੱਧਵਾਰ
ਵੀਰਵਾਰ
ਸ਼ੁੱਕਰਵਾਰ
ਸ਼ਨਿੱਚਰਵਾਰ
ਐਤਵਾਰ
0
0
0
0
0
0
1
2
3
4
5
6
7
8
9
10
11
12
13
14
15
16
17
18
19
20
21
22
23
24
25
26
27
28
29
30
31
0
0
0
0
0
ਦਸੰਬਰ 2016
ਸੋਮਵਾਰ
ਮੰਗਲਵਾਰ
ਬੁੱਧਵਾਰ
ਵੀਰਵਾਰ
ਸ਼ੁੱਕਰਵਾਰ
ਸ਼ਨਿੱਚਰਵਾਰ
ਐਤਵਾਰ
0
0
0
1
2
3
4
5
6
7
8
9
10
11
12
13
14
15
16
17
18
19
20
21
22
23
24
25
26
27
28
29
30
31
0
ਬਾਰੇ
ਅਰਕਾਈਵ ਪੜ੍ਹੋ।
ਦਿਨ ਦੇ ਸਭ ਤੋਂ ਜ਼ਿਆਦਾ ਵੇਖੇ ਜਾਣ ਵਾਲੇ ਵਿਕੀਪੀਡੀਆ ਲੇਖ Stephen LaPorte ਅਤੇ Mahmoud Hashemi ਵੱਲੋਂ ਤਿਆਰ ਕੀਤੇ ਗਏ। ਹੋਰ ਭਾਸ਼ਾਵਾਂ ਵਿੱਚ ਵੀ ਉਪਲੱਭਦ। ਜੇ ਤੁਹਾਨੂੰ ਇਹ ਸੂਚੀ ਦਿਲਚਸਪ ਲੱਗੀ ਤਾਂ ਤੁਸੀਂ ਦ ਵੀਕਲੀਪੀਡੀਆ, ਵਿਕੀਪੀਡੀਆ ਦੇ ਸਭ ਤੋਂ ਜ਼ਿਆਦਾ ਸੋਧੇ ਜਾਣ ਵਾਲੇ ਲੇਖਾਂ ਦਾ ਹਫਤਾਵਾਰੀ ਸੰਖੇਪ, ਵੀ ਪਸੰਦ ਕਰੋਗੇ। ਹੋਰ ਜਾਣੋ Hatnote Blog ਤੇ।
ਇਹ ਸਫ਼ਾ ਬਣਾਇਆ ਗਿਆ  ਵਿਕੀਪੀਡੀਆ ਦੀ ਨਵੀਂ ਪੇਜ ਵੀਊ ਏ.ਪੀ.ਆਈ. ਦੇ ਨਾਲ ਅਤੇ ਕੁਝ ਵਧੀਆ ਤਸਵੀਰਾਂ ਅਤੇ ਸਾਰ ਮੀਡੀਆਵਿਕੀ  ਏ.ਪੀ.ਆਈ. ਵੱਲੋਂ।. ਤੁਸੀਂ ਹੋਰ ਸਰੋਤ ਅਤੇ ਦਸਤਾਵੇ ਗਿੱਟਹੱਬ ਤੇ ਵੇਖ ਸਕਦੇ ਹੋ।
ਕੀ ਤੁਸੀਂ ਇਹ ਸੂਚੀ ਹੋਰ ਭਾਸ਼ਾਵਾਂ ਵਿੱਚ ਵੇਖਣੀ ਚਾਹੁੰਦੇ ਹੋ? ਅਸੀਂ ਵੀ ਇਹ ਹੀ ਚਾਹੁੰਦੇ ਹਾਂ! ਕਿਰਪਾ ਕਰਕੇ ਤੇ ਬੇਨਤੀ ਭੇਜੋ  ਅਤੇ ਸਾਨੂੰ ਦੱਸੋ ਜੇ ਤੁਸੀਂ ਫ਼ਰਮੇ ਦਾ ਅਨੁਵਾਦ ਕਰ ਸਕਦੇ ਹੋ।
@hatnotable
↑ Back to top