ସବୁ ପୃଷ୍ଠା - ଉଇକିପିଡ଼ିଆ
Jump to content
Main menu
Main menu
move to sidebar
hide
ଦିଗବାରେଣି
ପ୍ରଧାନ ପୃଷ୍ଠାସଂଘ ସୂଚନା ଫଳକନଗଦ ବଦଳଯାହିତାହି ପୃଷ୍ଠାଦାନ
ଯୋଗାଯୋଗ
ପ୍ରଶ୍ନ ପଚାରନ୍ତୁଆଲୋଚନା ସଭା
ସହଯୋଗ କରନ୍ତୁ
ଉଇକି ପ୍ରକଳ୍ପବଛା ଛବିବଛା ଲେଖା
ଅଲଗା ଭାଷାରେ
ଖୋଜନ୍ତୁ
ଖୋଜନ୍ତୁ
ଖାତାଟିଏ ଖୋଲନ୍ତୁଲଗ-ଇନ
ନିଜର ଟୁଲ
 ଖାତାଟିଏ ଖୋଲନ୍ତୁ ଲଗ-ଇନ
Pages for logged out editors learn more
ଅବଦାନଆଲୋଚନା
ସବୁ ପୃଷ୍ଠା
ଓଡ଼ିଆ
ଉପକରଣ
Tools
move to sidebar
hide
Actions
General
ଫାଇଲ ଅପଲୋଡ଼ କରିବେବିଶେଷ ପୃଷ୍ଠାଛପାହୋଇପାରିବା ପୃଷ୍ଠା
ସବୁ ପୃଷ୍ଠାଏହି ନାମରେ ଆରମ୍ଭ ପୃଷ୍ଠାସବୁ ଦେଖାନ୍ତୁ:ଏହି ନାଆଁରେ ଶେଷ ହେଉଥିବା ପୃଷ୍ଠାଗୁଡ଼ିକୁ ଦେଖାଇବେ:ନେମସ୍ପେସ(ମୂଳ)ଆଲୋଚନାବ୍ୟବହାରକାରୀବ୍ୟବହାରକାରୀଙ୍କ ଆଲୋଚନାଉଇକିପିଡ଼ିଆଉଇକିପିଡ଼ିଆ ଆଲୋଚନାଫାଇଲଫାଇଲ ଆଲୋଚନାମିଡ଼ିଆଉଇକିମିଡ଼ିଆଉଇକି ଆଲୋଚନାଛାଞ୍ଚଛାଞ୍ଚ ଆଲୋଚନାସହଯୋଗସହଯୋଗ ଆଲୋଚନାଶ୍ରେଣୀଶ୍ରେଣୀ ଆଲୋଚନାପୋର୍ଟାଲପୋର୍ଟାଲ ଆଲୋଚନାTimedTextTimedText talkମଡ୍ୟୁଲମଡ୍ୟୁଲ ଆଲୋଚନାଗ୍ୟାଜେଟଗ୍ୟାଜେଟ ଆଲୋଚନାଗ୍ୟାଜେଟ ସଂଜ୍ଞାଗ୍ୟାଜେଟ ସଂଜ୍ଞା ଆଲୋଚନାବିଷୟ
ଯିବେ
ପର ପୃଷ୍ଠା (1306)0 (number)
100
1000
1001
1002
1003
1004
1005
1006
1007
1008
1009
101
1010
1011
1012
1013
1014
1015
1016
1017
1018
1019
102
1020
1021
1022
1023
1024
1025
1026
1027
1028
1029
103
1030
1031
1032
1033
1034
1035
1036
1037
1038
1039
104
1040
1041
1042
1043
1044
1045
1046
1047
1048
1049
105
1050
1051
1052
1053
1054
1055
1056
1057
1058
1059
106
1060
1061
1062
1063
1064
1065
1066
1067
1068
1069
107
1070
1071
1072
1073
1074
1075
1076
1077
1078
1079
108
1080
1081
1082
1083
1084
1085
1086
1087
1088
1089
109
1090
1091
1092
1093
1094
1095
1096
1097
1098
1099
10th Lok Sabha
11
110
1100
1101
1102
1103
1104
1105
1106
1107
1108
1109
111
1110
1111
1112
1113
1114
1115
1116
1117
1118
1119
112
1120
1121
1122
1123
1124
1125
1126
1127
1128
1129
113
1130
1131
1132
1133
1134
1135
1136
1137
1138
1139
114
1140
1141
1142
1143
1144
1145
1146
1147
1148
1149
115
1150
1151
1152
1153
1154
1155
1156
1157
1158
1159
116
1160
1161
1162
1163
1164
1165
1166
1167
1168
1169
117
1170
1171
1172
1173
1174
1175
1176
1177
1178
1179
118
1180
1181
1182
1183
1184
1185
1186
1187
1188
1189
119
1190
1191
1192
1193
1194
1195
1196
1197
1198
1199
11p deletion syndrome
11th Lok Sabha
12
120
1200
1201
1202
1203
1204
1205
1206
1207
1208
1209
121
1210
1211
1212
1213
1214
1215
1216
1217
1218
1219
122
1220
1221
1222
1223
1224
1225
1226
1227
1228
1229
123
1230
1231
1232
1233
1234
1235
1236
1237
1238
1239
124
1240
1241
1242
1243
1244
1245
1246
1247
1248
1249
125
1250
1251
1252
1253
1254
1255
1256
1257
1258
1259
126
1260
1261
1262
1263
1264
1265
1266
1267
1268
1269
127
1270
1271
1272
1273
1274
1275
1276
1277
1278
1279
128
1280
1281
1282
1283
1284
1285
1286
1287
1288
1289
129
1290
1291
1292
1293
1294
1295
1296
1297
1298
1299
12th Lok Sabha
13
130
1300
1301
1302
1303
1304
1305
ପର ପୃଷ୍ଠା (1306)
"https://or.wikipedia.org/wiki/ବିଶେଷ:ସବୁପୃଷ୍ଠା"ରୁ ଅଣାଯାଇଅଛି
ଗୁମର ନୀତି
ଉଇକିପିଡ଼ିଆ ବାବଦରେ
ଆମେ ଦାୟୀ ନୋହୁଁ
Code of Conduct
ମୋବାଇଲ ଦେଖଣା
ଡେଭେଲପରମାନେ
ପରିସଂଖ୍ୟାନ
କୁକି ବିବରଣୀ
Toggle limited content width