List of Wikipedias/bg – Meta
List of Wikipedias/bg
от Meta, уикито за координация на всички проекти на фондация Уикимедия
< List of Wikipedias
Направо към навигацията
Направо към търсенето
Други езици:
English · Ænglisc · Bahasa Indonesia · Bahasa Melayu · Basa Bali · Bân-lâm-gú · Banjar · català · español · Esperanto · euskara · français · galego · italiano · Jawa · lietuvių · Mirandés · occitan · português · română · Soomaaliga · suomi · Türkçe · vèneto · Zazaki · Ελληνικά · беларуская (тарашкевіца) · български · македонски · հայերեն · अंगिका · नेपाल भाषा · नेपाली · मराठी · हिन्दी · বাংলা · ਪੰਜਾਬੀ · ગુજરાતી · தமிழ் · ಕನ್ನಡ · ဘာသာ မန် · မြန်မာဘာသာ · 한국어 · 日本語 · 中文 · עברית · العربية · ئۇيغۇرچە / Uyghurche · اردو · پښتو · سنڌي · فارسی · کوردی · مازِرونی
Това е частичен списък на gразличните уикипедии с избрани статผистически данни за тях. 
Тази статистика се актуализира четири пъти на ден. Вижте Commons:Data:Wikipedia statistics/data.tab за датата и часа на последната актуализация. (Ако презареждането на тази страница не актуализира числата до това, което се вижда в Commons, опитайте да изчистите кеша.)
№
Език
Език (местен)
Wiki
Статии
Всички страници
Редакции
Админис­тратори
Потребители
Активни потребители
Файлове
Дълбочина
1
English
English
en
6,698,037
58,799,366
1,165,603,786
893
45,993,155
115,939
904,023
1,199
2
Cebuano
Cebuano
ceb
6,122,618
11,226,948
35,012,712
5
106,243
177
0
2
3
German
Deutsch
de
2,826,551
7,796,975
234,854,071
179
4,203,796
17,267
128,300
93
4
Swedish
svenska
sv
2,569,403
6,189,328
53,720,637
68
876,539
1,970
0
17
5
French
français
fr
2,544,444
12,691,117
206,460,566
150
4,722,233
16,400
70,476
258
6
Dutch
Nederlands
nl
2,129,827
4,553,085
64,999,163
34
1,292,159
3,582
20
18
7
Russian
русский
ru
1,932,717
7,735,851
132,053,228
70
3,432,541
9,744
244,746
153
8
Spanish
español
es
1,884,687
7,969,449
152,604,367
59
6,920,093
13,760
0
199
9
Italian
italiano
it
1,822,313
7,777,050
134,652,077
121
2,414,207
7,555
129,102
184
10
Egyptian Arabic
مصرى
arz
1,618,870
2,080,954
8,219,023
7
217,299
217
1,487
0
11
Polish
polski
pl
1,577,192
3,633,123
70,836,980
99
1,254,079
4,181
264
33
12
Japanese
日本語
ja
1,383,814
4,073,607
96,336,869
42
2,102,835
13,685
4,164
89
13
Chinese
中文
zh
1,372,243
7,467,285
78,203,518
65
3,381,812
8,127
64,520
206
14
Vietnamese
Tiếng Việt
vi
1,286,599
19,434,724
70,507,416
18
921,671
2,125
26,172
721
15
Ukrainian
українська
uk
1,282,335
4,454,476
40,076,127
49
703,812
3,464
112,266
55
16
Waray
Winaray
war
1,266,247
2,870,760
7,593,500
3
57,057
81
42
4
17
Arabic
العربية
ar
1,214,704
8,184,793
63,611,639
22
2,458,016
4,239
52,314
255
18
Portuguese
português
pt
1,106,803
5,558,274
66,230,162
53
2,957,179
8,165
59,652
192
19
Persian
فارسی
fa
970,640
5,549,703
37,641,090
36
1,242,953
5,408
86,702
150
20
Catalan
català
ca
732,632
1,829,382
32,295,494
29
456,820
979
11,552
39
21
Serbian
српски / srpski
sr
673,049
4,035,143
26,009,226
16
333,802
703
38,403
160
22
Indonesian
Bahasa Indonesia
id
657,435
3,571,365
23,986,424
47
1,424,053
3,178
48,567
131
23
Korean
한국어
ko
642,877
3,111,337
35,350,013
29
799,297
1,855
13,466
167
24
Norwegian
norsk
no
614,284
1,767,537
23,709,539
42
587,760
985
4
47
25
Chechen
нохчийн
ce
600,918
1,189,432
10,079,138
3
34,812
58
325
8
26
Finnish
suomi
fi
557,565
1,458,009
21,697,112
33
552,531
1,568
73,693
38
27
Czech
čeština
cs
529,917
1,484,114
23,023,582
30
629,241
2,021
1
50
28
Turkish
Türkçe
tr
529,302
2,479,468
30,027,038
19
1,518,443
2,900
39,323
164
29
Hungarian
magyar
hu
528,813
1,514,464
26,304,647
25
539,205
1,504
8,842
60
30
Tatar
татарча / tatarça
tt
500,559
784,354
4,102,113
6
47,700
83
6,481
1
31
Serbo-Croatian
srpskohrvatski / српскохрватски
sh
458,168
4,648,024
41,425,480
8
189,359
183
10,157
745
32
Romanian
română
ro
441,207
2,688,269
15,761,523
17
624,865
873
117,089
152
33
Min Nan Chinese
Bân-lâm-gú
zh-min-nan
432,550
1,068,084
3,174,230
6
58,784
102
335
6
34
Basque
euskara
eu
414,305
870,627
9,337,925
12
151,077
303
0
13
35
Malay
Bahasa Melayu
ms
366,701
1,066,869
5,924,683
15
318,943
668
18,539
20
36
Esperanto
Esperanto
eo
341,256
759,403
8,248,065
13
212,958
374
15,227
16
37
Hebrew
עברית
he
339,525
1,437,461
36,820,975
33
1,089,173
3,183
77,206
267
38
Armenian
հայերեն
hy
300,659
1,011,587
8,768,084
11
135,161
482
11,944
48
39
Danish
dansk
da
293,825
928,671
11,505,885
25
461,154
702
0
57
40
Bulgarian
български
bg
292,986
656,711
11,876,237
25
329,798
672
302
27
41
Welsh
Cymraeg
cy
279,263
439,882
11,842,011
16
82,622
138
11,325
8
42
Slovak
slovenčina
sk
245,689
561,522
7,595,990
10
237,783
487
0
22
43
South Azerbaijani
تۆرکجه
azb
243,125
576,315
1,547,847
4
44,438
130
301
5
44
Uzbek
oʻzbekcha / ўзбекча
uz
240,622
861,294
3,823,410
17
102,333
476
2,882
29
45
Estonian
eesti
et
238,536
564,038
6,453,194
34
182,016
493
783
21
46
Simple English
Simple English
simple
236,797
768,584
8,977,407
18
1,336,589
1,203
36
58
47
Belarusian
беларуская
be
234,232
674,319
4,551,438
10
132,698
279
3,250
23
48
Kazakh
қазақша
kk
234,225
604,905
3,184,447
14
133,249
234
10,843
13
49
Minangkabau
Minangkabau
min
226,775
470,463
3,142,177
5
17,889
38
178
7
50
Greek
Ελληνικά
el
224,934
659,022
10,158,519
21
398,561
971
19,406
57
51
Croatian
hrvatski
hr
216,039
454,334
6,678,586
13
299,242
503
21,494
17
52
Lithuanian
lietuvių
lt
212,435
521,537
7,015,363
10
178,112
340
25,205
28
53
Galician
galego
gl
198,261
499,202
6,453,303
8
137,753
265
28
29
54
Azerbaijani
azərbaycanca
az
195,333
539,518
7,155,048
15
274,519
620
19,429
41
55
Urdu
اردو
ur
193,520
1,046,815
5,454,520
10
166,863
311
14,209
101
56
Slovenian
slovenščina
sl
182,120
461,228
6,063,158
21
224,442
294
8,464
30
57
Ladin
Ladin
lld
169,413
175,217
220,366
3
4,469
27
4
0
58
Georgian
ქართული
ka
168,806
474,529
4,531,339
6
152,818
198
15,100
31
59
Norwegian Nynorsk
norsk nynorsk
nn
166,443
381,742
3,488,733
14
129,659
127
16
15
60
Hindi
हिन्दी
hi
158,534
1,270,391
5,920,247
7
773,689
1,232
3,903
229
61
Thai
ไทย
th
157,926
1,040,620
10,925,158
19
454,874
1,117
25,642
327
62
Tamil
தமிழ்
ta
156,191
494,716
3,764,055
35
222,233
269
8,066
35
63
Bangla
বাংলা
bn
140,404
1,185,199
6,868,933
14
428,271
1,072
16,704
320
64
Latin
Latina
la
138,085
279,378
3,776,257
17
170,682
170
0
14
65
Macedonian
македонски
mk
137,695
545,459
5,037,327
12
110,787
227
8,757
80
66
Cantonese
粵語
zh-yue
133,829
301,251
2,020,600
12
260,181
283
2,664
10
67
Asturian
asturianu
ast
132,888
236,330
4,024,828
8
116,066
134
0
10
68
Latvian
latviešu
lv
121,948
493,776
3,892,318
14
116,214
272
25,902
73
69
Afrikaans
Afrikaans
af
110,085
383,535
2,593,164
13
165,537
198
9,656
41
70
Tajik
тоҷикӣ
tg
110,020
268,638
1,368,433
6
40,224
75
496
10
71
Burmese
မြန်မာဘာသာ
my
106,859
232,930
802,971
4
113,424
135
2,960
4
72
Malagasy
Malagasy
mg
95,882
247,118
1,059,520
3
31,199
42
3
10
73
Marathi
मराठी
mr
93,126
299,692
2,315,319
10
156,042
189
11,714
38
74
Albanian
shqip
sq
92,753
281,484
2,573,196
11
154,200
215
3,912
37
75
Bosnian
bosanski
bs
92,284
373,410
3,523,262
9
154,326
155
5,508
87
76
Occitan
occitan
oc
89,051
160,106
2,376,443
4
52,107
112
824
9
77
Telugu
తెలుగు
te
84,961
329,453
3,908,487
12
122,925
198
14,213
98
78
Malayalam
മലയാളം
ml
84,303
512,045
3,868,451
15
173,631
258
7,124
194
79
Low German
Plattdüütsch
nds
84,246
165,753
997,600
4
51,814
46
0
5
80
Belarusian (Taraškievica orthography)
беларуская (тарашкевіца)
be-tarask
83,578
240,036
2,417,079
4
81,625
147
2,032
35
81
Breton
brezhoneg
br
82,900
153,990
2,054,695
6
75,291
103
5,271
9
82
Kyrgyz
кыргызча
ky
80,400
110,810
447,377
2
36,989
67
2,686
0
83
Swahili
Kiswahili
sw
78,421
166,902
1,294,327
18
62,288
157
2,289
9
84
Javanese
Jawa
jv
72,590
182,485
1,635,792
5
58,548
80
5,452
20
85
Lombard
lombard
lmo
72,566
144,255
1,203,305
5
41,080
53
4,436
8
86
Newari
नेपाल भाषा
new
72,347
166,274
866,087
2
26,639
16
0
8
87
Western Punjabi
پنجابی
pnb
71,557
125,909
633,359
2
35,634
76
31
2
88
Venetian
vèneto
vec
69,232
141,459
1,159,676
5
34,438
62
724
8
89
Haitian Creole
Kreyòl ayisyen
ht
68,501
83,919
822,613
3
31,078
47
0
0
90
Piedmontese
Piemontèis
pms
67,925
103,500
867,117
4
26,798
49
2,069
2
91
Bashkir
башҡортса
ba
63,089
177,874
1,249,009
6
38,707
79
1,504
23
92
Luxembourgish
Lëtzebuergesch
lb
62,039
135,208
2,459,001
6
58,786
86
2,386
25
93
Sundanese
Sunda
su
61,553
98,136
658,719
6
30,239
55
545
2
94
Kurdish
kurdî
ku
59,482
118,161
1,186,270
3
57,106
107
563
9
95
Irish
Gaeilge
ga
58,893
101,055
1,177,861
7
57,253
85
1,149
5
96
Silesian
ślůnski
szl
57,281
72,776
365,227
3
23,617
36
0
0
97
Icelandic
íslenska
is
57,034
147,828
1,817,474
19
92,877
128
3,231
31
98
Western Frisian
Frysk
fy
52,040
159,336
1,130,048
8
46,699
73
7,833
30
99
Chuvash
чӑвашла
cv
51,335
105,065
797,577
2
33,409
53
537
8
100
Central Kurdish
کوردی
ckb
51,196
209,313
1,097,075
8
57,674
160
2,253
49
101
Punjabi
ਪੰਜਾਬੀ
pa
50,888
162,843
700,947
10
46,581
107
1,706
20
102
Tagalog
Tagalog
tl
45,038
238,739
2,031,046
11
133,833
163
1,896
157
103
Aragonese
aragonés
an
44,041
136,677
2,044,646
9
73,698
74
1,733
66
104
Wu Chinese
吴语
wuu
42,877
57,183
303,854
4
84,496
51
132
0
105
Zazaki
Zazaki
diq
41,214
62,139
522,741
3
26,937
31
199
2
106
Ido
Ido
io
38,083
56,435
1,019,743
5
36,296
50
0
4
107
Scots
Scots
sco
36,173
140,572
876,710
3
104,502
86
671
51
108
Volapük
Volapük
vo
34,296
150,690
3,289,264
2
34,226
33
0
251
109
Yoruba
Yorùbá
yo
32,835
56,769
568,893
3
27,109
61
166
5
110
Nepali
नेपाली
ne
32,015
107,534
1,152,025
7
63,638
99
1,295
59
111
Interlingua
interlingua
ia
30,375
45,200
657,577
6
48,172
58
4
3
112
Kannada
ಕನ್ನಡ
kn
30,234
135,459
1,172,691
4
82,341
216
2,319
104
113
Gujarati
ગુજરાતી
gu
30,226
124,436
850,461
3
74,839
63
0
66
114
Swiss German
Alemannisch
als
29,882
71,938
1,035,522
9
99,371
94
582
28
115
Hausa
Hausa
ha
29,268
51,925
301,027
7
23,736
175
0
3
116
Kotava
Kotava
avk
28,050
34,266
139,456
6
4,391
26
0
0
117
Bavarian
Boarisch
bar
26,962
109,481
837,435
3
67,482
60
1,321
71
118
Crimean Tatar
qırımtatarca
crh
26,444
48,263
207,508
2
20,168
34
0
2
119
Sicilian
sicilianu
scn
26,251
55,939
736,377
3
43,669
47
1,406
16
120
Bishnupriya
বিষ্ণুপ্রিয়া মণিপুরী
bpy
25,086
63,276
892,356
2
24,661
18
45
32
121
Quechua
Runa Simi
qu
23,867
57,265
658,300
2
28,975
46
0
22
122
Navajo
Diné bizaad
nv
22,354
36,914
305,742
2
16,587
18
735
3
123
Mongolian
монгол
mn
22,352
101,107
734,796
3
85,274
119
1,362
90
124
Mingrelian
მარგალური
xmf
20,390
37,536
203,421
5
18,621
34
0
3
125
Balinese
Basa Bali
ban
19,883
39,757
159,739
4
8,760
38
116
4
126
Sinhala
සිංහල
si
19,462
94,448
574,463
3
64,274
80
3,000
90
127
Tumbuka
chiTumbuka
tum
18,193
37,510
99,469
4
7,997
23
122
2
128
Pashto
پښتو
ps
18,080
61,086
298,849
1
30,788
59
1,738
27
129
Northern Frisian
Nordfriisk
frr
17,641
44,917
251,422
4
19,413
34
1,490
13
130
Ossetic
ирон
os
17,381
64,076
543,481
3
23,968
23
158
61
131
Mazanderani
مازِرونی
mzn
17,249
37,127
182,582
4
34,318
25
261
6
132
Samogitian
žemaitėška
bat-smg
17,191
29,821
359,661
4
25,380
24
109
6
133
Odia
ଓଡ଼ିଆ
or
17,089
75,983
491,843
6
33,945
51
176
76
134
Igbo
Igbo
ig
16,964
24,859
117,416
4
16,900
76
0
1
135
Yakut
саха тыла
sah
16,760
50,504
398,652
3
24,078
40
1,765
31
136
Min Dong Chinese
閩東語 / Mìng-dĕ̤ng-ngṳ̄
cdo
16,376
32,927
100,025
4
20,647
24
0
3
137
Scottish Gaelic
Gàidhlig
gd
15,944
32,243
573,452
5
27,317
27
347
18
138
Buginese
Basa Ugi
bug
15,826
20,101
202,135
1
13,117
10
0
0
139
Yiddish
ייִדיש
yi
15,536
44,444
587,811
3
49,200
59
1,062
45
140
Sindhi
سنڌي
sd
15,474
57,137
244,386
4
17,358
35
149
31
141
Iloko
Ilokano
ilo
15,370
70,277
399,307
2
17,092
22
0
72
142
Amharic
አማርኛ
am
15,206
46,211
376,610
1
44,173
49
1,781
33
143
Neapolitan
Napulitano
nap
14,787
23,870
666,910
3
29,512
29
287
10
144
Limburgish
Limburgs
li
14,521
66,734
460,491
7
28,139
39
623
89
145
Central Bikol
Bikol Central
bcl
14,268
39,860
253,700
2
22,017
58
865
20
146
Faroese
føroyskt
fo
14,024
40,683
374,058
3
28,939
38
0
33
147
Gorontalo
Bahasa Hulontalo
gor
13,917
21,881
52,753
2
4,928
14
0
0
148
Upper Sorbian
hornjoserbsce
hsb
13,909
35,556
381,555
4
24,395
29
129
25
149
Basa Banyumasan
Basa Banyumasan
map-bms
13,896
30,366
214,591
1
15,892
13
462
9
150
Maithili
मैथिली
mai
13,778
40,925
238,327
4
13,214
22
116
22
151
Shan
ၽႃႇသႃႇတႆး
shn
13,184
30,910
61,662
2
3,968
20
64
3
152
Emiliano-Romagnolo
emiliàn e rumagnòl
eml
13,041
35,291
155,710
3
25,208
15
2,744
12
153
Achinese
Acèh
ace
12,803
26,925
146,156
2
26,275
31
0
6
154
Literary Chinese
文言
zh-classical
12,537
102,952
393,701
6
98,957
59
0
198
155
Sanskrit
संस्कृतम्
sa
12,075
73,691
478,419
3
38,083
71
445
169
156
Assamese
অসমীয়া
as
11,973
87,667
373,890
5
38,338
103
1,791
170
157
Walloon
walon
wa
11,876
28,134
396,958
4
23,725
33
634
26
158
Interlingue
Interlingue
ie
11,734
15,711
155,684
3
18,734
23
0
1
159
Western Armenian
Արեւմտահայերէն
hyw
11,217
23,270
202,593
5
9,168
46
0
10
160
Ligurian
Ligure
lij
11,182
27,038
241,943
7
15,699
24
9
17
161
Eastern Mari
олык марий
mhr
11,121
28,949
191,723
1
14,031
21
0
17
162
Zulu
isiZulu
zu
11,060
24,733
102,050
1
19,633
30
0
6
163
Shona
chiShona
sn
10,888
19,763
108,134
1
16,991
17
0
3
164
Fiji Hindi
Fiji Hindi
hif
10,646
45,832
299,757
4
32,191
43
192
71
165
Western Mari
кырык мары
mrj
10,431
19,477
103,797
1
10,585
17
0
4
166
Banjar
Banjar
bjn
10,307
29,718
89,084
2
13,823
28
2
10
167
Manipuri
ꯃꯤꯇꯩ ꯂꯣꯟ
mni
10,233
16,456
51,138
2
3,453
16
0
1
168
Khmer
ភាសាខ្មែរ
km
10,211
34,659
298,773
5
40,075
68
1,035
49
169
Hakka Chinese
客家語/Hak-kâ-ngî
hak
10,139
19,463
127,354
1
31,976
27
0
5
170
Tarantino
tarandíne
roa-tara
9,323
18,313
145,832
3
11,347
15
174
7
171
Pampanga
Kapampangan
pam
8,913
21,541
296,706
2
20,510
28
403
27
172
Santali
ᱥᱟᱱᱛᱟᱲᱤ
sat
8,824
19,924
118,902
3
6,964
34
0
9
173
Rusyn
русиньскый
rue
8,703
19,053
138,111
1
28,077
34
87
10
174
Northern Sotho
Sesotho sa Leboa
nso
8,577
10,921
50,476
1
6,506
10
0
0
175
Bhojpuri
भोजपुरी
bh
8,505
73,966
757,561
2
33,123
48
53
606
176
Somali
Soomaaliga
so
7,880
24,896
256,337
1
35,724
81
0
48
177
Māori
Māori
mi
7,850
15,065
163,558
2
18,154
21
0
9
178
Northern Sami
davvisámegiella
se
7,844
20,940
302,304
5
28,024
20
0
40
179
Erzya
эрзянь
myv
7,836
28,541
144,385
4
12,632
20
0
35
180
West Flemish
West-Vlams
vls
7,787
21,627
312,640
5
26,168
27
480
45
181
Low Saxon
Nedersaksies
nds-nl
7,701
20,740
323,976
6
27,478
29
569
44
182
Dagbani
dagbanli
dag
7,465
14,875
72,946
1
3,048
56
0
4
183
Sardinian
sardu
sc
7,415
16,801
180,661
4
23,749
35
151
17
184
Moroccan Arabic
الدارجة
ary
7,149
60,050
302,047
7
10,137
43
147
275
185
Corsican
corsu
co
7,104
15,827
386,228
2
21,529
26
0
36
186
Cornish
kernowek
kw
7,033
14,400
211,865
2
15,004
15
6
16
187
Tibetan
བོད་ཡིག
bo
6,960
18,599
142,032
1
28,613
22
0
21
188
Veps
vepsän kel’
vep
6,907
33,906
161,724
1
15,409
24
0
72
189
Gilaki
گیلکی
glk
6,822
14,340
64,823
4
15,386
12
808
5
190
Turkmen
Türkmençe
tk
6,749
16,450
241,416
3
27,156
40
337
30
191
Kabyle
Taqbaylit
kab
6,707
16,373
108,062
1
13,132
21
0
13
192
Gan Chinese
贛語
gan
6,675
33,804
396,036
1
40,822
21
57
193
193
Kinyarwanda
Ikinyarwanda
rw
6,571
13,988
98,339
1
12,525
40
0
8
194
Võro
võro
fiu-vro
6,512
12,385
179,076
4
13,984
16
50
11
195
Abkhazian
аԥсшәа
ab
6,088
22,526
128,154
2
19,379
26
9
41
196
Manx
Gaelg
gv
6,002
23,946
319,764
3
19,535
18
184
119
197
Uyghur
ئۇيغۇرچە / Uyghurche
ug
5,908
15,483
157,844
1
21,377
25
0
26
198
Nāhuatl
Nāhuatl
nah
5,824
17,304
519,461
3
21,905
23
168
116
199
Zeelandic
Zeêuws
zea
5,807
11,038
133,098
3
12,909
21
1
9
200
Saraiki
سرائیکی
skr
5,726
7,119
29,901
4
2,007
18
0
0
201
Arpitan
arpetan
frp
5,703
16,411
221,222
2
15,963
50
0
47
202
Udmurt
удмурт
udm
5,670
18,767
124,137
3
14,747
21
9
35
203
Picard
Picard
pcd
5,568
10,776
70,067
3
17,099
22
50
5
204
Maltese
Malti
mt
5,518
20,253
292,556
5
21,888
42
723
103
205
Komi
коми
kv
5,515
17,550
142,221
1
14,166
20
0
38
206
Kashubian
kaszëbsczi
csb
5,455
8,764
187,767
3
16,415
20
0
7
207
Guarani
Avañe'ẽ
gn
5,431
12,881
126,916
2
18,033
31
0
18
208
Inari Sami
anarâškielâ
smn
5,304
17,981
87,061
6
3,446
16
0
27
209
Aymara
Aymar aru
ay
5,121
8,775
96,350
1
16,318
22
0
5
210
Norman
Nouormand
nrm
4,856
10,427
219,696
2
13,061
12
0
27
211
Kashmiri
कॉशुर / کٲشُر
ks
4,517
13,258
82,639
2
10,383
26
12
23
212
Lezghian
лезги
lez
4,323
13,816
92,415
3
10,543
13
10
32
213
Lingua Franca Nova
Lingua Franca Nova
lfn
4,210
6,742
39,043
1
11,185
29
0
2
214
Livvi-Karelian
livvinkarjala
olo
4,200
11,758
34,409
2
6,704
15
0
9
215
Mirandese
Mirandés
mwl
4,165
10,607
100,355
1
12,973
17
0
22
216
Saterland Frisian
Seeltersk
stq
4,094
10,767
122,248
5
13,157
18
429
30
217
Lao
ລາວ
lo
4,088
13,946
103,210
4
17,832
49
16
43
218
Old English
Ænglisc
ang
4,025
17,199
209,692
2
123,123
43
299
130
219
Moksha
мокшень
mdf
3,890
15,736
74,347
3
9,240
13
0
43
220
Friulian
furlan
fur
3,855
8,864
172,030
2
14,076
15
318
32
221
Romansh
rumantsch
rm
3,762
9,629
164,257
3
19,721
15
51
41
222
Ladino
Ladino
lad
3,637
13,029
211,158
4
20,854
23
23
108
223
Kara-Kalpak
Qaraqalpaqsha
kaa
3,610
10,077
65,201
5
11,540
23
23
20
224
Goan Konkani
गोंयची कोंकणी / Gõychi Konknni
gom
3,579
9,407
211,273
4
9,793
13
0
59
225
Extremaduran
estremeñu
ext
3,563
8,248
125,320
2
17,092
24
0
26
226
Komi-Permyak
перем коми
koi
3,461
11,775
61,232
1
8,425
9
0
30
227
Tuvinian
тыва дыл
tyv
3,456
12,059
45,016
1
8,866
13
0
23
228
Papiamento
Papiamentu
pap
3,371
6,817
102,381
5
14,344
18
0
15
229
Avaric
авар
av
3,359
16,172
87,619
1
14,450
28
0
78
230
Lower Sorbian
dolnoserbski
dsb
3,355
11,262
144,111
1
18,181
16
0
71
231
Lingala
lingála
ln
3,337
8,733
122,861
4
12,789
19
32
36
232
Doteli
डोटेली
dty
3,328
19,982
238,939
3
6,190
8
3
299
233
Twi
Twi
tw
3,254
6,640
112,068
2
15,133
46
0
18
234
Chavacano
Chavacano de Zamboanga
cbk-zam
3,110
8,268
112,900
1
14,243
13
0
37
235
Divehi
ދިވެހިބަސް
dv
3,044
11,485
130,860
4
24,623
17
932
87
236
Colognian
Ripoarisch
ksh
2,937
10,587
1,607,594
3
22,385
14
0
1,030
237
Zhuang
Vahcuengh
za
2,820
5,229
41,386
2
10,482
8
0
5
238
Gagauz
Gagauz
gag
2,806
6,613
68,562
1
13,754
13
0
19
239
Russia Buriat
буряад
bxr
2,773
11,087
70,528
1
14,925
18
9
57
240
Palatine German
Pälzisch
pfl
2,745
6,940
90,610
4
11,553
14
0
30
241
Ganda
Luganda
lg
2,720
6,768
30,287
2
8,111
13
0
9
242
Sakizaya
Sakizaya
szy
2,581
5,637
131,954
1
2,787
10
0
32
243
Pangasinan
Pangasinan
pag
2,568
6,594
76,845
1
8,096
13
0
28
244
Pa'O
ပအိုဝ်ႏဘာႏသာႏ
blk
2,563
6,275
27,639
2
1,061
20
0
9
245
Pali
पालि
pi
2,548
4,656
102,017
2
7,136
8
1
14
246
Tayal
Tayal
tay
2,541
3,015
55,373
1
1,551
13
0
0
247
Hawaiian
Hawaiʻi
haw
2,528
5,649
97,558
1
16,527
17
0
26
248
Awadhi
अवधी
awa
2,437
5,568
25,248
1
2,557
14
0
7
249
Ingush
гӀалгӀай
inh
2,183
13,507
63,330
2
4,011
14
43
126
250
Karachay-Balkar
къарачай-малкъар
krc
2,079
14,381
108,381
1
10,258
14
0
263
251
Kalmyk
хальмг
xal
2,053
12,238
88,901
1
9,912
13
0
178
252
Pennsylvania German
Deitsch
pdc
2,019
5,943
105,749
1
32,502
17
0
67
253
Tongan
lea faka-Tonga
to
1,977
5,435
42,790
2
10,115
10
12
24
254
Atikamekw
Atikamekw
atj
1,957
3,082
15,177
5
4,261
14
0
1
255
Tulu
ತುಳು
tcy
1,894
10,182
111,494
3
5,555
20
9
209
256
Aramaic
ܐܪܡܝܐ
arc
1,891
6,500
95,970
2
19,988
14
0
87
257
Mon
ဘာသာ မန်
mnw
1,820
6,349
41,116
4
3,348
13
0
40
258
Jamaican Creole English
Patois
jam
1,707
3,068
21,165
1
8,272
23
0
4
259
Tachelhit
Taclḥit
shi
1,699
4,745
43,145
3
2,432
18
0
29
260
Kabiye
Kabɩyɛ
kbp
1,697
3,378
16,469
2
4,375
7
0
4
261
Wolof
Wolof
wo
1,667
5,414
105,178
3
14,829
15
0
98
262
Angika
अंगिका
anp
1,640
4,598
18,837
2
763
10
0
13
263
Kabardian
адыгэбзэ
kbd
1,617
6,975
46,839
1
9,739
14
0
73
264
Nias
Li Niha
nia
1,574
3,863
20,517
3
1,631
12
0
11
265
Novial
Novial
nov
1,534
4,438
178,347
2
11,539
8
0
144
266
Kikuyu
Gĩkũyũ
ki
1,510
3,100
21,072
1
8,628
12
0
7
267
Oromo
Oromoo
om
1,498
4,569
40,637
1
10,477
23
0
37
268
N’Ko
ߒߞߏ
nqo
1,484
3,242
11,339
2
3,647
7
0
4
269
Bislama
Bislama
bi
1,415
3,343
42,581
1
12,960
11
0
23
270
Xhosa
isiXhosa
xh
1,363
4,075
34,975
1
12,734
19
0
33
271
Tok Pisin
Tok Pisin
tpi
1,361
5,701
87,106
1
13,228
12
0
155
272
Tetum
tetun
tet
1,355
3,813
67,713
2
9,527
7
0
58
273
Fula
Fulfulde
ff
1,348
3,824
32,078
2
8,814
28
0
28
274
Aromanian
armãneashti
roa-rup
1,333
4,401
207,012
1
13,765
11
0
249
275
Lojban
la .lojban.
jbo
1,330
5,757
112,265
1
16,120
18
0
216
276
Fijian
Na Vosa Vakaviti
fj
1,281
3,654
35,672
1
8,950
9
0
33
277
Kongo
Kongo
kg
1,269
2,934
44,176
1
10,683
10
0
25
278
Lak
лакку
lbe
1,268
15,283
51,602
1
8,287
9
0
412
279
Tahitian
reo tahiti
ty
1,220
3,012
53,407
1
7,303
7
0
38
280
Gun
gungbe
guw
1,210
2,252
35,272
2
1,087
11
0
11
281
Church Slavic
словѣньскъ / ⰔⰎⰑⰂⰡⰐⰠⰔⰍⰟ
cu
1,209
5,672
84,329
2
24,733
15
0
202
282
Taroko
Seediq
trv
1,137
2,029
94,951
1
1,658
16
0
28
283
Amis
Pangcah
ami
1,127
1,956
39,272
1
1,741
10
0
10
284
Sranan Tongo
Sranantongo
srn
1,119
2,743
39,415
1
7,551
7
0
30
285
Samoan
Gagana Samoa
sm
1,079
3,366
43,198
1
10,214
11
0
57
286
Madurese
Madhurâ
mad
1,076
2,022
13,984
2
2,181
24
0
5
287
Southern Altai
алтай тил
alt
1,070
4,764
42,122
3
2,411
17
0
105
288
Latgalian
latgaļu
ltg
1,068
3,332
36,354
1
7,231
13
0
49
289
Guianan Creole
kriyòl gwiyannen
gcr
1,064
2,625
17,060
1
2,770
11
0
13
290
Cherokee
ᏣᎳᎩ
chr
1,057
4,155
48,395
1
23,978
11
0
100
291
Tswana
Setswana
tn
1,050
4,419
31,429
2
9,977
9
4
73
292
Nyanja
Chi-Chewa
ny
1,023
4,695
41,881
3
10,314
12
0
114
293
Southern Sotho
Sesotho
st
919
4,423
29,512
1
10,203
22
0
97
294
Norfuk / Pitkern
Norfuk / Pitkern
pih
899
3,346
44,504
1
11,295
11
0
98
295
Vlax Romani
romani čhib
rmy
877
2,962
51,648
1
17,286
14
0
98
296
Gothic
𐌲𐌿𐍄𐌹𐍃𐌺
got
872
3,820
46,483
1
19,050
11
0
139
297
Ewe
eʋegbe
ee
832
3,699
55,035
2
14,274
12
0
176
298
Bambara
bamanankan
bm
811
3,251
40,949
1
10,627
17
0
114
299
Nigerian Pidgin
Naijá
pcm
811
1,825
22,709
4
1,098
11
0
19
300
Swati
SiSwati
ss
790
2,711
39,159
3
8,243
12
0
85
301
Ghanaian Pidgin
Ghanaian Pidgin
gpe
771
2,317
20,255
2
338
15
0
35
302
Venda
Tshivenda
ve
748
2,261
19,893
1
7,770
11
0
35
303
Tsonga
Xitsonga
ts
748
3,877
37,537
2
9,727
13
0
169
304
Tyap
Tyap
kcg
704
3,674
23,000
2
1,058
8
0
111
305
Cheyenne
Tsetsêhestâhese
chy
695
2,239
24,699
1
11,406
8
0
54
306
Rundi
ikirundi
rn
635
2,517
23,468
1
9,568
10
0
81
307
Chamorro
Chamoru
ch
568
2,538
23,685
1
15,438
13
0
112
308
Frafra
farefare
gur
566
1,610
10,359
1
645
33
0
21
309
Inupiaq
Iñupiatun
ik
511
2,722
39,073
1
8,559
11
0
268
310
Adyghe
адыгабзэ
ady
499
3,603
13,734
1
6,886
18
0
147
311
Fanti
mfantse
fat
489
1,330
8,492
2
491
4
0
18
312
Pontic
Ποντιακά
pnt
485
2,057
35,377
1
10,160
9
0
180
313
Wayuu
wayuunaiki
guc
480
898
12,712
1
768
11
0
10
314
Inuktitut
ᐃᓄᒃᑎᑐᑦ / inuktitut
iu
447
3,006
46,343
2
18,803
12
0
505
315
Paiwan
pinayuanan
pwn
337
521
11,995
1
1,380
7
0
6
316
Sango
Sängö
sg
316
1,993
20,813
2
6,437
10
0
294
317
Dinka
Thuɔŋjäŋ
din
310
1,099
8,467
1
6,164
10
0
49
318
Tigrinya
ትግርኛ
ti
252
2,826
24,412
2
9,227
12
0
901
319
Kalaallisut
kalaallisut
kl
243
2,303
74,859
3
13,069
14
0
2,335
320
Dzongkha
ཇོང་ཁ
dz
238
2,631
30,295
3
10,107
17
0
1,164
321
Cree
Nēhiyawēwin / ᓀᐦᐃᔭᐍᐏᐣ
cr
158
2,185
38,523
2
18,355
15
0
2,901
Общо
Статии
Всички страници
Редакции
Администратори
Потребители
Активни потребители
Файлове
Всички активни Уикипедии
61,572,569
254,671,046
3,384,976,344
3,599
109,232,913
280,890
2,765,634
Взето от „https://meta.wikimedia.org/w/index.php?title=List_of_Wikipedias/bg&oldid=25055177“.
Категория: Categories/bg
Навигация
Лични инструменти
българскиНе сте влезли в систематаБеседаПриносиСъздаване на сметкаВлизане
Именни пространства
СтраницаБеседа
English
Прегледи
ПрегледРедактиранеИстория
Още
Търсене
Навигация
Начална страницаWikimedia NewsTranslationsПоследни промениСлучайна страницаПомощBabel
Community
Wikimedia Resource CenterWikimedia ForumMailing listsRequestsBabylonReportsResearchPlanet Wikimedia
Beyond the Web
Meet WikimediansEventsMovement affiliatesНаправете дарение
Инструменти
Какво сочи насамСвързани промениСпециални странициПостоянна препраткаИнформация за страницатаЦитиране на страницата
Отпечатване/изнасяне
Създаване на книгаИзтегляне като PDFВерсия за печат
На други езици
Добавяне на препратки
 Последната промяна на страницата е извършена на 21 май 2023 г. в 21:21 ч.
Текстът е достъпен под лиценза Creative Commons Признание-Споделяне на споделеното.
Може да са приложени допълнителни условия.
Повече информация ще намерите на страницата Условия за ползване.
Поверителност
За Meta
Предупреждение
Кодекс на поведение
Мобилен изглед
За разработчици
Статистика
Използване на „бисквитки“