ၼႃႈ​လိၵ်ႈ​တင်း​သဵင်ႈ - ဝီႇၶီႇၽီးတီးယႃး
Jump to content
Main menu
Main menu
move to sidebar
hide
ၼႄတၢင်း
ၼႃႈႁူဝ်ႁႅၵ်ႈၵိူၼ်ႇတူ တူင်ႇဝိူင်းၵၢၼ်ႁဵတ်းယၢမ်းလဵဝ်လွင်ႈလႅၵ်ႈလၢႆႈလႃႈသုတ်းၼႃႈလိၵ်ႈ ရၼ်ႇတမ်ႇၸွႆႈထႅမ်လူႇတၢၼ်း
ၼႂ်း​လိၵ်ႈ​တၢင်ႇဢၼ်
ၶူၼ်ႉႁႃ
ၶူၼ်ႉႁႃ
ၵေႃႇသၢင်ႈဢၶွင်ႉလွၵ်ႉဢိၼ်ႇ
ၶိူင်ႈ​သုၼ်ႇ​လဵ​ဝ်
 ၵေႃႇသၢင်ႈဢၶွင်ႉ လွၵ်ႉဢိၼ်ႇ
Pages for logged out editors learn more
လွင်ႈႁူမ်ႈသၢင်ႈဢုပ်ႇ
ၼႃႈ​လိၵ်ႈ​တင်း​သဵင်ႈ
ၽႃႇသႃႇတႆး 
ၶိူင်ႈၵမ်ႉၵႅမ်
Tools
move to sidebar
hide
Actions
General
လူတ်ႇၶိုၼ်ႈၾၢႆႇၼႃႈလိၵ်ႈ ၶိုၵ်ႉတွၼ်းဝႃးသျိၼ်းဢၼ်ၽိမ်းဢွၵ်ႇလႆႈ
ၼႃႈ​လိၵ်ႈ​တင်း​သဵင်ႈၼႃႈလိၵ်ႈဢၼ်ၼႄ တႄႇတီႈ :ၼႃႈလိၵ်ႈဢၼ်ၼႄ သုတ်းတီႈ :ဢွင်ႈတီႈၸိုဝ်ႈ(လိၵ်ႈႁွမ်တွမ်)ဢုပ်ႇၵုမ်ၽူႈၸႂ်ႉတိုဝ်းဢုပ်ႇၵုမ် ၽူႈၸႂ်ႉတိုဝ်းဝီႇၶီႇၽီးတီးယႃးဢုပ်ႇၵုမ် ဝီႇၶီႇၽီးတီးယႃးၾၢႆႇဢုပ်ႇၵုမ် ၾၢႆႇမီႇတီႇယႃႇဝီႇၶီႇဢုပ်ႇၵုမ် မီႇတီႇယႃႇဝီႇၶီႇထႅမ်းပလဵတ်ႉဢုပ်ႇၵုမ် ထႅမ်းပလဵတ်ႉလွင်ႈၸွႆႈထႅမ်ဢုပ်ႇၵုမ် လွင်ႈၸွႆႈထႅမ်ပိူင်ထၢၼ်ႈဢုပ်ႇၵုမ် ပိူင်ထၢၼ်ႈၵိူၼ်ႇတူတွၼ်ႈဢုပ်ႇ ၵိူၼ်ႇတူTimedTextTimedText talkမေႃႇၵျူးဢုပ်ႇၵုမ် မေႃႇၵျူးၶိူင်ႈပိတ်းပွတ်းဢုပ်ႇၵုမ် ၶိူင်ႈပိတ်းပွတ်းပိုတ်ႇတီႈပွင်ႇ ၶိူင်ႈပိတ်းပွတ်းဢုပ်ႇၵုမ် ပိုတ်ႇတီႈပွင်ႇ ၶိူင်ႈပိတ်းပွတ်း
သိုပ်ႇၵႂႃႇ
ၼႃးလိၵ်ႈ တေမႃး (1287)001 ဢပၼ်ႇၼၵ၊ ၸၢတ်ႈ
002 ဝၼ်ႇၼုပထ၊ ၸၢတ်ႈ
003 သေႇရိဝဝႃႇၼိၸ၊ ၸၢတ်ႈ
004 သထေးၸူႇလ၊ ၸၢတ်ႈ
005 တၼ်ႇတုလၼႃႇလိ ၶဝ်ႈသၢၼ်ၼိုင်ႈၶၵ်ႉ
006 တေႇဝထမ်ႇမ၊ ၸၢတ်ႈ
007 ၵတ်ႉထဝႃႇႁၼ
008 ၵႃႇမၼိ၊ ၸၢတ်ႈ
009 မၶတေႇဝ၊ ၸၢတ်ႈ
010 သုၶဝိႁႃႇရိ၊ ၸၢတ်ႈ
011 လၵ်ႉၶၼမိၵ၊ ၸၢတ်ႈ
012 ၼိ​ၵြေႃးထ၊ ၸၢတ်ႈ
013 ၵၼ်ႇတိ၊ ၸၢတ်ႈ
014 ဝႃႇတမိၵ၊ ၸၢတ်ႈ
015 ၶရႃႇတိယ၊ ၸၢတ်ႈ
016 တိပၼ်ႇလတ်ႉထမိၵ၊ ၸၢတ်ႈ
017 မႃႇလုတ၊ ၸၢတ်ႈ
018 မတၵၽတ်ႉတ၊ ၸၢတ်ႈ
019 ဢႃႇယႃႇၸိတၽတ်ႉတ၊ ၸၢတ်ႈ
01 တီႇသႅမ်ႇပႃႇ
020 ၼလပႃႇၼ၊ ၸၢတ်ႈ
021 ၵုရုင်ႇၵမိၵ၊ ၸၢတ်ႈ
022 ၵုၵ်ႉၵုတ၊ ၸၢတ်ႈ
022 ၵုၵ်ႉၵုရ၊ ၸၢတ်ႈ
1
10
1000
1001
1002
1003
1004
1005
1006
1007
1008
1009
101
1010
1011
1012
1013
1014
1015
1016
1017
1018
1019
102
1020
1021
1022
1023
1024
1025
1026
1027
1028
1029
103
1030
1031
1032
1033
1034
1035
1036
1037
1038
1039
104
1040
1041
1042
1043
1044
1045
1046
1047
1048
1049
105
1050
1051
1052
1053
1054
1055
1056
1057
1058
1059
106
1060
1061
1062
1063
1064
1065
1066
1067
1068
1069
107
1070
1071
1072
1073
1074
1075
1076
1077
1078
1079
108
1080
1081
1082
1083
1084
1085
1086
1087
1088
1089
109
1090
1091
1092
1093
1094
1095
1096
1097
1098
1099
10 ႁူဝ်ပၢၵ်ႇပီ
11
110
1100
1101
1102
1103
1104
1105
1106
1107
1108
1109
111
1110
1111
1112
1113
1114
1115
1116
1117
1118
1119
112
1120
1121
1122
1123
1124
1125
1126
1127
1128
1129
113
1130
1131
1132
1133
1134
1135
1136
1137
1138
1139
114
1140
1141
1142
1143
1144
1145
1146
1147
1148
1149
115
1150
1151
1152
1153
1154
1155
1156
1157
1158
1159
116
1160
1161
1162
1163
1164
1165
1166
1167
1168
1169
117
1170
1171
1172
1173
1174
1175
1176
1177
1178
1179
118
1180
1181
1182
1183
1184
1185
1186
1187
1188
1189
119
1190
1191
1192
1193
1194
1195
1196
1197
1198
1199
11 ႁူဝ်ပၢၵ်ႇပီ
12
120
1200
1201
1202
1203
1204
1205
1206
1207
1208
1209
121
1210
1211
1212
1213
1214
1215
1216
1217
1218
1219
122
1220
1221
1222
1223
1224
1225
1226
1227
1228
1229
123
1230
1231
1232
1233
1234
1235
1236
1237
1238
1239
124
1240
1241
1242
1243
1244
1245
1246
1247
1248
1249
125
1250
1251
1252
1253
1254
1255
1256
1257
1258
1259
126
1260
1261
1262
1263
1264
1265
1266
1267
1268
1269
127
1270
1271
1272
1273
1274
1275
1276
1277
1278
1279
128
1280
1281
1282
1283
1284
1285
1286
ၼႃးလိၵ်ႈ တေမႃး (1287)
ဢဝ်ၶိုၼ်းမႃးတီႈ "https://shn.wikipedia.org/wiki/ၶိုၵ်ႉတွၼ်း:ၼႃႈလိၵ်ႈတင်းသဵင်ႈ"
လၵ်း​ၼမ်း လွင်ႈ​ႁူမ်ႇ​လူမ်ႈ သုၼ်ႇ​လဵဝ်
ၵဵဝ်ႇၵပ်း ဝီႇၶီႇၽီးတီးယႃး
ၶေႃႈထဵင်
Code of Conduct
တူၺ်းၼင်ႇမူဝ်ႇပၢႆး
ၽူႈၶူင်သၢင်ႈ
သဵၼ်ႈသၢႆမၢႆ
ၶေႃႈပိုၼ်ၽၢဝ်ႇ ၶူၵ်ႉၶီး
Toggle limited content width